
1 2 280 -999
2 23 229 3 285 1 280 -999
3 4 561 2 285 11 235 5 237 6 182 -999
4 1 317 3 561 -999
5 3 338 6 237 -999
6 5 237 3 182 7 438 -999
7 6 438 8 167 -999
8 7 167 9 246 -999
9 10 300 8 246 -999
10 9 300 -999
11 3 235 12 236 16 342 -999
12 11 236 13 591 -999
13 12 591 14 162 15 519 -999
14 15 489 13 162 -999
15 14 489 13 519 -999
16 11 342 17 210 -999
17 16 210 18 290 19 160 -999
18 17 290 -999
19 17 160 20 344 -999
20 19 344 21 312 -999
21 20 312 -999
22 2 229 23 182 -999
23 22 182 24 205 -999
24 23 205 25 173 30 354 -999
25 24 173 26 201 -999
26 25 201 27 221 28 357 -999
27 26 221 -999
28 26 357 29 263 -999
29 28 263 -999
30 24 354 31 122 39 797 -999
31 30 122 32 195 33 280 -999
32 31 195 -999
33 31 280 34 298 -999
34 33 298 35 144 37 195 -999
35 34 144 36 338 -999
36 35 338 38 451 -999
37 34 195 38 315 39 119 -999
38 36 451 37 315 41 380 -999
39 30 797 37 119 40 263 -999
40 39 263 41 157 -999
41 40 157 38 380 -999